f(x) = 0.00000000000000307755
x = (7.4999995232, -7.5000000000, -9.4247779846, 4.0774226189, 3.0000002384, -1.0000001192)