f(w) = 4.6639846907603636e-05
w = (0.451862791475013, 4.473926980391152, -4.862806886055305, 3.318408020279542, -3.233016718812214, -1.378032335677836, -4.639220181206659, 4.620813850607538, -1.032670947071316, -1.011879593858032, -5.000000000000000, -1.008842344333025, -1.464106924658513, -1.155405034685094, -1.498809126396960, -4.999291045602146)